# depth[mm]	eDep/nEvents(50MeV)[MeV]	eDep/nEvents(75MeV)[MeV]	eDep/nEvents(100MeV)[MeV]	eDep/nEvents(125MeV)[MeV]	eDep/nEvents(150MeV)[MeV]	eDep/nEvents(175MeV)[MeV]	eDep/nEvents(200MeV)[MeV]
0	1.26686	0.916273	0.736151	0.631597	0.550762	0.49764	0.451184
1	1.30226	0.929771	0.748322	0.63883	0.563789	0.509092	0.467724
2	1.32921	0.941864	0.756487	0.644753	0.565876	0.515417	0.467494
3	1.36155	0.955815	0.761746	0.646097	0.57029	0.513595	0.47407
4	1.39753	0.968694	0.770336	0.650688	0.57129	0.516783	0.472949
5	1.43296	0.980016	0.773288	0.654816	0.575797	0.516223	0.472389
6	1.47046	0.988515	0.77668	0.662847	0.577914	0.522116	0.478179
7	1.51591	1.00091	0.783431	0.661426	0.582591	0.524167	0.480523
8	1.55866	1.01142	0.788671	0.666241	0.583386	0.526406	0.484109
9	1.61007	1.02133	0.794152	0.67029	0.583245	0.526756	0.487343
10	1.65925	1.03387	0.801502	0.670496	0.58531	0.528674	0.487576
11	1.72407	1.04634	0.807505	0.673716	0.591289	0.530694	0.486645
12	1.79754	1.06122	0.810685	0.675081	0.594476	0.530334	0.484285
13	1.88324	1.07446	0.815662	0.679544	0.597402	0.533932	0.48796
14	1.98531	1.08992	0.823234	0.681734	0.595003	0.535571	0.490783
15	2.10422	1.10379	0.827834	0.68336	0.594199	0.539239	0.488848
16	2.25369	1.11938	0.829415	0.687568	0.598878	0.53803	0.49123
17	2.44464	1.12953	0.839337	0.692456	0.603336	0.541317	0.493549
18	2.70913	1.14986	0.843006	0.692781	0.60651	0.544927	0.494745
19	3.09159	1.16578	0.84878	0.694639	0.607223	0.543937	0.493504
20	3.74331	1.18619	0.849674	0.700499	0.607625	0.542979	0.49954
21	5.45532	1.20569	0.858798	0.702473	0.612221	0.543167	0.498879
22	4.35766	1.22558	0.867895	0.707055	0.611648	0.543521	0.499685
23	0.0140057	1.24904	0.872935	0.70801	0.612213	0.544882	0.499442
24	0.000178741	1.26921	0.880949	0.712072	0.611037	0.543164	0.502053
25	0.000185611	1.29323	0.887847	0.712484	0.615241	0.544901	0.501315
26	0.000208825	1.31532	0.89122	0.716918	0.61627	0.545499	0.499686
27	8.52E-05	1.34364	0.896917	0.719585	0.616538	0.547648	0.502697
28	0.000176711	1.37867	0.904158	0.720805	0.620132	0.550945	0.50573
29	0.000124229	1.4168	0.914656	0.724484	0.620394	0.553762	0.503604
30	5.67E-05	1.44799	0.923836	0.728252	0.624927	0.551234	0.502626
31	3.95E-05	1.48753	0.931764	0.730892	0.625139	0.5541	0.50178
32	6.41E-05	1.53324	0.93833	0.734598	0.62729	0.55511	0.508023
33	3.52E-05	1.57848	0.943174	0.740045	0.627823	0.55481	0.508274
34	3.30E-05	1.63194	0.95577	0.742859	0.632591	0.56071	0.504547
35	3.52E-05	1.68866	0.956755	0.742783	0.633358	0.557496	0.50487
36	4.23E-05	1.76079	0.968451	0.748787	0.634672	0.558701	0.504624
37	3.84E-05	1.84343	0.978822	0.751763	0.632111	0.560203	0.507118
38	9.08E-05	1.93947	0.983985	0.756647	0.638299	0.560336	0.509956
39	5.09E-05	2.05893	0.991107	0.758584	0.642295	0.563609	0.509103
40	3.61E-05	2.20817	1.00473	0.76038	0.643291	0.567338	0.5113
41	4.29E-05	2.39331	1.0179	0.765815	0.642371	0.568036	0.514516
42	1.99E-05	2.65244	1.02674	0.771574	0.642926	0.568908	0.510346
43	0.000122012	3.03131	1.04151	0.771194	0.644923	0.5645	0.510368
44	9.28E-05	3.67645	1.05263	0.775499	0.648377	0.564235	0.515524
45	2.32E-05	4.96589	1.06014	0.781656	0.646152	0.565744	0.516012
46	6.20E-05	3.76957	1.07952	0.782341	0.647888	0.573599	0.515023
47	3.04E-05	0.416819	1.09263	0.786674	0.651951	0.571357	0.516467
48	1.81E-05	0.00260718	1.10592	0.789398	0.649509	0.571205	0.515236
49	1.97E-05	0.000376149	1.12279	0.793902	0.654264	0.571511	0.516989
50	2.65E-05	0.00030792	1.1359	0.801113	0.656552	0.573486	0.516624
51	1.99E-05	0.000383091	1.15253	0.805478	0.657416	0.574071	0.517963
52	1.50E-05	6.41E-05	1.17156	0.808633	0.660294	0.575144	0.522123
53	2.00E-05	0.000149056	1.18887	0.818016	0.660844	0.572113	0.517439
54	1.62E-05	0.000255537	1.20652	0.815763	0.661776	0.571985	0.515301
55	6.45E-06	8.26E-05	1.22749	0.821774	0.666592	0.577178	0.515924
56	1.28E-05	0.000258998	1.25398	0.828115	0.666867	0.577171	0.51538
57	1.12E-05	0.000140003	1.27511	0.829956	0.670124	0.576785	0.515074
58	9.14E-06	0.00013947	1.30125	0.835655	0.674847	0.57861	0.518382
59	1.65E-05	0.000177632	1.33054	0.841947	0.672507	0.578452	0.516507
60	1.62E-05	0.000167176	1.35974	0.847238	0.673299	0.580265	0.521623
61	1.18E-05	0.000291528	1.39801	0.851471	0.676495	0.584238	0.517505
62	6.59E-05	8.56E-05	1.43208	0.858112	0.677448	0.580859	0.520414
63	9.95E-06	0.000117947	1.47171	0.859316	0.679867	0.583823	0.519816
64	1.67E-05	0.00013889	1.52239	0.866857	0.682769	0.583952	0.523353
65	2.04E-05	0.000157449	1.57162	0.872854	0.683595	0.586568	0.520019
66	1.00E-05	5.56E-05	1.62246	0.882189	0.689076	0.58228	0.521456
67	1.24E-05	4.47E-05	1.69331	0.890419	0.68887	0.583368	0.524494
68	1.27E-05	0.000157002	1.77301	0.894354	0.692137	0.586875	0.522871
69	1.69E-05	5.94E-05	1.86764	0.902685	0.699924	0.586652	0.523723
70	8.64E-06	4.93E-05	1.98116	0.908605	0.697777	0.5905	0.523168
71	9.41E-06	2.06E-05	2.12529	0.915049	0.697253	0.59176	0.525772
72	1.11E-05	0.000127335	2.3088	0.921803	0.703305	0.593708	0.524993
73	1.77E-05	0.000132975	2.55493	0.932161	0.703893	0.595774	0.528122
74	9.05E-06	4.75E-05	2.9158	0.937588	0.705086	0.597268	0.529053
75	7.92E-05	6.89E-05	3.49484	0.94549	0.705948	0.602176	0.527956
76	1.14E-05	5.16E-06	4.11158	0.950037	0.714099	0.598429	0.526787
77	1.39E-05	1.46E-05	3.36459	0.967433	0.71194	0.595487	0.527477
78	1.57E-05	3.90E-05	1.23753	0.973404	0.714915	0.59958	0.526256
79	0	3.31E-05	0.155362	0.984649	0.719789	0.600505	0.526502
80	0	4.40E-05	0.00617963	0.994558	0.720365	0.602314	0.52865
81	0	9.74E-05	0.000248289	1.00121	0.723816	0.602283	0.531041
82	0	0.000125831	0.000200129	1.01509	0.728325	0.605916	0.530082
83	0	4.91E-05	0.0003427	1.02398	0.726808	0.607443	0.532802
84	8.81E-06	1.80E-05	0.000525741	1.03645	0.730813	0.60747	0.534169
85	0	8.23E-06	0.000242638	1.05304	0.735289	0.606927	0.53453
86	3.04E-07	6.59E-06	0.000205243	1.06707	0.743432	0.61035	0.537482
87	0	3.97E-05	6.48E-05	1.08066	0.743026	0.614315	0.535646
88	2.04E-05	1.47E-05	3.97E-05	1.09556	0.74554	0.61138	0.534712
89	0	5.81E-05	0.000270413	1.11446	0.748983	0.612382	0.535649
90	0	2.18E-05	0.000177884	1.12693	0.751658	0.61852	0.533015
91	0	9.17E-05	0.000220096	1.14743	0.75429	0.616348	0.531939
92	2.72E-08	7.37E-05	0.000251353	1.1657	0.759488	0.620502	0.531114
93	0	2.38E-05	0.000133292	1.18344	0.76015	0.622484	0.535865
94	0	3.65E-05	0.000131706	1.20742	0.763834	0.620873	0.534781
95	1.18E-07	5.84E-05	0.000147644	1.22988	0.769843	0.621059	0.53988
96	3.09E-07	1.46E-05	0.000169214	1.25717	0.772625	0.622398	0.535686
97	1.45E-12	1.34E-06	0.000319112	1.28219	0.776394	0.62167	0.536615
98	1.32E-06	1.28E-06	0.000150917	1.31044	0.781943	0.627184	0.536594
99	4.72E-06	3.60E-05	0.000134611	1.34385	0.783891	0.628145	0.53702
100	2.60E-06	4.40E-08	0.000181509	1.38799	0.78841	0.630695	0.53936
101	7.36E-06	5.08E-05	0.000146825	1.42685	0.792944	0.63113	0.54165
102	4.15E-05	1.80E-05	0.000195362	1.47137	0.798229	0.631796	0.541993
103	6.01E-06	1.32E-05	0.000168269	1.51974	0.803647	0.634049	0.540063
104	8.00E-06	3.67E-05	0.000180578	1.57918	0.807876	0.632481	0.545832
105	3.24E-06	4.94E-05	0.000146183	1.64661	0.81443	0.637024	0.544104
106	3.15E-06	8.97E-05	0.000182183	1.73143	0.818578	0.637195	0.544963
107	2.27E-06	3.60E-05	0.000129891	1.83064	0.827043	0.639488	0.54529
108	1.70E-06	7.55E-05	0.000114739	1.95626	0.830697	0.640602	0.548934
109	2.96E-06	5.41E-05	0.000106516	2.11506	0.838038	0.644769	0.546385
110	9.01E-06	9.99E-05	0.00015169	2.32312	0.841509	0.643522	0.548139
111	0	1.06E-05	5.10E-05	2.62077	0.846638	0.644257	0.545645
112	0	2.78E-05	0.000129933	3.02779	0.85123	0.648795	0.549155
113	2.16E-05	8.58E-05	6.83E-05	3.3816	0.854701	0.64796	0.551699
114	0	1.32E-05	0.000155637	3.17819	0.867821	0.652462	0.552365
115	0	2.40E-06	0.000305474	2.16535	0.874571	0.651488	0.553247
116	2.32E-06	8.28E-06	0.000189393	0.922233	0.880913	0.655774	0.556308
117	6.28E-07	1.79E-06	0.000133754	0.22767	0.886783	0.658233	0.554436
118	4.89E-06	3.40E-06	0.000138158	0.0315123	0.89456	0.659132	0.553465
119	2.47E-06	5.78E-06	8.85E-06	0.00239194	0.903463	0.659596	0.559735
120	0	1.69E-05	4.67E-05	0.000756706	0.913336	0.660945	0.557502
121	0	4.85E-05	4.84E-05	0.000574863	0.917259	0.6657	0.556233
122	0	1.62E-05	9.60E-05	0.000390759	0.928621	0.668187	0.559281
123	0	3.57E-05	0.000160694	0.000583289	0.936295	0.670037	0.557858
124	0	5.06E-07	0.000216626	0.000305076	0.947275	0.67171	0.558987
125	0	1.41E-06	0.000212153	0.000356844	0.955146	0.670966	0.560671
126	0	1.46E-05	0.000272345	0.000416915	0.967056	0.676551	0.563605
127	0	4.09E-06	0.000132132	0.000232331	0.977758	0.681102	0.566603
128	0	1.77E-06	9.70E-05	0.000201517	0.990985	0.681939	0.564012
129	1.07E-07	2.94E-06	3.56E-05	0.000228399	1.00728	0.685185	0.565
130	2.22E-06	2.64E-06	5.11E-05	0.000390046	1.0158	0.687085	0.568349
131	1.53E-06	3.23E-05	0.000121262	0.00032257	1.0289	0.687938	0.566375
132	2.12E-06	4.13E-05	7.89E-05	0.000289916	1.04162	0.693137	0.566783
133	7.28E-06	1.39E-05	5.16E-05	0.000380029	1.05867	0.695042	0.568036
134	2.55E-06	4.85E-06	5.95E-06	0.000494331	1.07736	0.69876	0.565998
135	0	8.13E-06	2.57E-05	0.000231067	1.09115	0.701056	0.567475
136	0	2.79E-05	0.000107319	0.000163728	1.115	0.700925	0.568071
137	7.34E-07	3.72E-05	0.000229052	0.000194989	1.13122	0.705949	0.569133
138	1.59E-06	6.51E-06	4.83E-05	0.000416953	1.15252	0.708906	0.569994
139	1.81E-06	2.87E-06	7.79E-05	0.000217587	1.17967	0.710877	0.573019
140	1.39E-06	1.61E-06	1.91E-05	0.000219074	1.20317	0.714627	0.574793
141	1.70E-06	0	0.000120395	0.000273016	1.22927	0.71818	0.573827
142	1.53E-06	4.83E-07	2.06E-05	0.00014867	1.26042	0.722346	0.576106
143	1.56E-06	3.92E-05	2.15E-05	0.000160038	1.29109	0.724194	0.576713
144	1.92E-06	3.14E-05	2.07E-05	0.000139976	1.32572	0.726835	0.579335
145	2.11E-06	9.94E-05	2.54E-05	7.50E-05	1.36637	0.730508	0.580715
146	2.32E-06	0	2.59E-05	0.000144534	1.41738	0.733656	0.584384
147	2.27E-06	5.84E-08	3.03E-05	0.000144214	1.47119	0.737151	0.582343
148	1.63E-06	1.50E-05	0.000189425	7.57E-05	1.53499	0.744446	0.584632
149	3.41E-06	6.94E-05	0.000140495	7.43E-05	1.60719	0.74833	0.58815
150	8.06E-06	0	0.000219125	0.00022759	1.69829	0.749811	0.586669
151	3.67E-06	1.12E-05	5.82E-05	0.000150376	1.81124	0.754805	0.586522
152	1.78E-06	0	7.51E-05	0.000157683	1.95714	0.761037	0.588825
153	1.44E-06	0	4.39E-05	8.62E-05	2.15195	0.763382	0.592221
154	1.53E-06	0	4.70E-05	0.000135323	2.40292	0.767969	0.593205
155	1.77E-06	0	5.59E-05	0.000198672	2.67681	0.774152	0.590679
156	1.52E-06	1.12E-09	0.000116945	0.00019428	2.85299	0.775526	0.593914
157	3.66E-06	0	9.66E-06	0.000193286	2.71382	0.781011	0.595748
158	2.75E-06	0	6.00E-06	0.000212651	2.18606	0.783497	0.59632
159	1.48E-06	1.71E-10	4.59E-06	2.28E-05	1.38428	0.791215	0.598608
160	4.23E-06	0	3.34E-05	7.68E-05	0.666384	0.795003	0.596342
161	4.96E-06	0	8.92E-05	2.42E-05	0.237018	0.801191	0.601977
162	0	0	1.12E-05	1.64E-05	0.0618833	0.806549	0.603754
163	0	0	2.07E-05	2.17E-05	0.0102232	0.814515	0.606056
164	0	0	3.35E-05	0.000100386	0.00152488	0.818949	0.611099
165	9.82E-07	0	6.25E-05	0.000102148	0.000612816	0.826117	0.61113
166	0	0	4.87E-06	6.59E-05	0.000311844	0.835154	0.615112
167	0	0	2.00E-06	0.000169419	0.000486443	0.842157	0.613877
168	0	0	1.29E-05	0.000290607	0.000265757	0.847872	0.61054
169	0	0	5.23E-06	0.000294194	0.000235828	0.859961	0.613843
170	0	1.01E-05	1.56E-05	0.000118181	0.000410576	0.863261	0.616351
171	0	0	6.00E-05	0.000113555	0.000716998	0.87334	0.619428
172	0	0	1.16E-05	7.08E-05	0.000183146	0.878329	0.620946
173	0	0	1.11E-05	0.000132779	0.000293036	0.89203	0.61849
174	0	0	7.71E-05	0.00025592	0.000273529	0.902203	0.622847
175	0	0	7.80E-05	9.46E-05	0.000395434	0.910505	0.62532
176	4.36E-07	2.19E-06	3.70E-05	0.000189177	0.000326878	0.919755	0.625159
177	1.61E-06	0	1.32E-05	4.96E-05	0.000356018	0.932567	0.628724
178	5.92E-06	0	0.000188705	5.02E-05	0.000213528	0.945886	0.631284
179	1.20E-05	3.70E-10	0.000141063	0.000111579	0.000255984	0.955791	0.631768
180	1.18E-06	6.49E-05	3.07E-05	4.88E-05	0.000305038	0.968006	0.633068
181	0	6.68E-08	4.11E-05	9.74E-06	0.000122601	0.983215	0.639714
182	0	7.44E-06	8.84E-05	6.16E-05	0.000124888	0.994819	0.640146
183	0	3.61E-06	5.18E-05	5.87E-05	0.000103348	1.01353	0.640573
184	0	0	6.68E-05	9.22E-05	0.00010633	1.02608	0.643279
185	0	0	9.16E-05	2.65E-05	0.000159294	1.04657	0.647839
186	0	0	5.10E-05	0.000146335	0.000171815	1.06214	0.650217
187	0	0	1.94E-05	0.000143421	0.000138064	1.08416	0.649507
188	0	3.81E-05	9.85E-05	0.000140557	0.000249468	1.10652	0.6513
189	0	2.96E-09	4.12E-05	6.22E-05	0.000217472	1.13309	0.655325
190	0	0	2.47E-05	0.000171536	0.00012019	1.1579	0.657075
191	0	5.37E-06	5.38E-05	2.54E-05	0.000199494	1.18836	0.661258
192	0	8.02E-06	2.56E-05	1.81E-05	9.82E-05	1.22265	0.664346
193	0	0	3.02E-05	0.00010498	6.62E-05	1.25806	0.669757
194	0	2.82E-09	0.000116515	0.000129666	8.33E-05	1.2965	0.670209
195	0	5.80E-05	4.20E-05	0.000233257	5.91E-05	1.34683	0.673167
196	0	0.000111211	0.000150856	4.55E-05	5.09E-05	1.39947	0.676258
197	0	2.01E-06	6.00E-05	8.21E-05	2.48E-05	1.46368	0.68162
198	0	2.34E-06	3.20E-06	8.68E-05	0.000133184	1.54164	0.682096
199	0	3.21E-06	5.13E-06	5.28E-05	0.000133296	1.64272	0.682573
200	0	1.14E-05	3.30E-06	2.87E-06	7.10E-05	1.77005	0.690028
201	0	6.25E-06	7.86E-06	6.27E-05	0.000129593	1.92124	0.690337
202	0	0	6.41E-06	4.62E-05	5.17E-05	2.10423	0.695449
203	0	0	6.22E-06	6.31E-06	9.81E-05	2.28966	0.699351
204	0	0	6.03E-06	0.000107012	0.000202307	2.41183	0.704497
205	0	0	8.13E-06	5.15E-05	0.000152079	2.37938	0.706878
206	0	0	3.71E-06	0.000113842	0.000186009	2.13987	0.708047
207	0	0	2.04E-05	1.09E-05	5.58E-05	1.70343	0.716417
208	0	0	1.17E-06	9.70E-06	4.28E-05	1.16451	0.720165
209	0	0	1.65E-06	1.61E-06	3.94E-05	0.667271	0.725258
210	0	0	2.48E-06	1.85E-06	4.70E-05	0.314113	0.728256
211	0	0	1.82E-06	3.16E-06	5.47E-05	0.12158	0.731636
212	0	0	1.39E-06	7.77E-05	0.000105315	0.0390941	0.736722
213	0	0	2.10E-06	9.03E-06	3.67E-05	0.00906472	0.742539
214	0	0	2.36E-06	3.47E-06	6.91E-05	0.00235085	0.746676
215	0	0	6.60E-06	1.72E-06	0.000196462	0.00128453	0.749545
216	0	0	7.92E-06	3.72E-07	0.000259638	0.000609297	0.756763
217	0	7.44E-07	4.62E-06	1.18E-05	2.99E-05	0.000562294	0.76056
218	0	0	0	5.20E-05	0.000196372	0.000684702	0.76658
219	0	0	0	0	0.000148634	0.00058412	0.773252
220	0	0	0	1.68E-06	0.000204684	0.000417763	0.779151
221	0	0	0	3.66E-06	0.000157642	0.000464271	0.787815
222	0	0	2.04E-06	3.12E-06	0.000137765	0.000490097	0.792296
223	0	0	0	5.53E-06	0.000215202	0.000410017	0.796629
224	0	0	2.46E-06	4.42E-06	0.000223952	0.000237177	0.808074
225	0	0	0	5.72E-06	0.00015743	0.000171125	0.813326
226	0	0	0	1.11E-05	0.000302724	0.000164159	0.825363
227	0	0	0	7.16E-06	0.0003191	7.41E-05	0.82988
228	0	0	0	1.02E-05	0.000416013	0.000145002	0.838227
229	0	0	0	1.33E-05	0.000123649	8.31E-05	0.851226
230	0	0	0	4.19E-06	0.000103994	0.000201327	0.859916
231	0	0	0	0	6.95E-05	8.09E-05	0.870339
232	0	0	0	1.63E-07	1.63E-05	4.78E-05	0.882492
233	0	0	6.54E-05	1.32E-06	1.64E-05	4.18E-05	0.89138
234	0	0	0	1.42E-05	1.61E-05	0.000150309	0.907282
235	0	0	0	1.71E-06	4.68E-05	0.000203151	0.918702
236	0	0	0	1.69E-06	6.43E-05	0.000444931	0.932252
237	0	0	0	2.61E-06	0.000144828	0.000173065	0.944636
238	0	0	0	2.99E-06	0.000120021	0.000135935	0.960777
239	0	0	0	4.00E-06	2.55E-05	0.000123616	0.979374
240	0	0	0	1.83E-05	4.26E-05	0.000250255	0.998444
241	0	0	1.71E-09	2.24E-05	9.89E-05	0.000258098	1.0204
242	0	0	1.53E-05	3.14E-06	0.000117823	0.000270284	1.04347
243	0	0	7.08E-05	2.92E-06	0.000191873	0.00019698	1.068
244	0	0	2.67E-09	3.69E-06	4.10E-05	8.34E-05	1.09268
245	1.30E-06	0	0	3.18E-06	3.92E-05	0.000158676	1.12176
246	0	0	2.36E-07	4.64E-06	7.94E-05	4.56E-05	1.15609
247	0	0	0	5.13E-06	6.39E-05	0.000168852	1.1923
248	0	0	0	3.92E-05	0.000112629	7.97E-05	1.23554
249	0	1.25E-06	0	3.83E-05	7.96E-05	9.44E-05	1.28439
250	0	1.99E-06	0	3.98E-05	0.000139376	0.000152167	1.34292
251	0	2.42E-06	0	5.20E-05	5.07E-05	0.00018897	1.41281
252	0	1.76E-06	0	7.37E-05	5.44E-05	0.000242017	1.497
253	0	4.06E-06	0	8.70E-05	0.000208732	0.000282302	1.60004
254	0	5.68E-06	1.83E-06	1.51E-05	0.000120465	0.000211357	1.72661
255	0	3.71E-06	3.92E-06	4.41E-06	9.64E-05	0.000199954	1.85598
256	0	4.07E-06	1.77E-06	1.89E-05	3.79E-05	0.000178641	1.97437
257	0	3.98E-06	1.74E-06	2.65E-06	1.26E-05	8.67E-05	2.05937
258	0	0	4.03E-06	1.73E-06	2.55E-05	0.00012138	2.04457
259	0	0	3.34E-06	3.09E-06	2.45E-06	0.00017243	1.91651
260	0	0	0	1.58E-06	3.87E-06	0.000224023	1.6696
261	0	6.65E-07	0	6.62E-05	1.76E-06	0.000463056	1.32537
262	4.69E-07	0	0	1.16E-05	0.000118436	0.00016452	0.949428
263	1.53E-06	0	0	1.96E-06	1.11E-05	0.000185738	0.602143
264	1.64E-06	0	0	0	5.70E-06	0.000145206	0.345106
265	1.54E-06	0	0	0	4.65E-05	0.000160599	0.166639
266	2.07E-06	0	0	0	3.18E-05	0.000225911	0.0721331
267	1.74E-06	0	2.85E-07	0	7.49E-06	0.000162268	0.0270572
268	2.22E-06	0	0	0	2.29E-05	7.98E-05	0.00867747
269	4.13E-06	0	0	0	4.62E-06	0.000153408	0.00289763
270	4.77E-06	0	0	0	1.40E-05	4.59E-05	0.000515245
271	7.58E-06	0	1.43E-05	1.91E-05	1.59E-05	2.73E-05	0.000262306
272	4.62E-06	2.93E-07	4.63E-05	0	2.57E-05	4.80E-05	0.000482697
273	4.64E-06	1.69E-06	7.89E-05	1.43E-06	1.54E-06	8.01E-05	0.00027923
274	4.21E-06	0	0	3.28E-06	2.48E-08	0.000190509	4.64E-05
275	2.54E-06	0	0	2.30E-06	6.61E-06	0.000184175	0.000242501
276	0	0	0	4.50E-06	8.91E-08	6.98E-05	0.000198888
277	0	0	0	0	0	0.000156673	0.000302522
278	0	0	0	1.82E-06	7.09E-05	8.27E-05	0.000114448
279	0	0	0	2.33E-06	8.78E-08	4.52E-05	0.000138573
280	0	0	0	2.43E-06	1.37E-06	0.000267513	0.000154299
281	0	0	0	2.64E-06	3.98E-06	5.44E-05	0.000426496
282	0	0	0	3.35E-06	7.94E-07	4.68E-05	0.000230717
283	0	0	0	4.26E-06	2.93E-05	0.000121277	0.000251021
284	0	0	0	1.21E-06	1.43E-05	9.59E-05	0.00025717
285	0	0	0	0	7.93E-05	0.000117487	0.000151786
286	0	0	0	0	7.20E-05	6.71E-05	0.000144534
287	0	0	0	0	4.24E-05	0.00010275	0.000129321
288	0	0	0	0	5.08E-06	3.08E-05	0.000165365
289	0	0	0	0	5.12E-06	6.38E-05	0.000157886
290	0	0	0	0	5.13E-06	9.80E-05	0.000143524
291	0	0	0	0	7.52E-07	0.000112969	0.000143344
292	0	4.00E-06	0	4.20E-05	0.000183278	0.000210147	9.72E-05
293	0	0	0	3.22E-05	0	3.55E-05	0.000212254
294	0	2.22E-06	0	3.60E-05	9.25E-05	3.66E-05	0.000136453
295	0	1.72E-06	0	4.36E-05	1.43E-07	0.000115456	0.00012749
296	0	0	0	5.06E-05	3.82E-07	5.36E-05	0.000168825
297	0	0	0	7.48E-05	2.22E-06	2.91E-05	0.000120544
298	0	0	0	6.75E-05	1.48E-06	0.000313405	9.19E-05
299	0	0	0	1.53E-05	2.37E-06	2.88E-05	0.000304925